Surface and Strip Forces by surface

  Forces referred to Sref, Cref, Bref about Xref, Yref, Zref
 Standard axis orientation,  X fwd, Z down         

  Surface # 1     Wing                                    
     # Chordwise = 12   # Spanwise = 60     First strip =  1
     Surface area =  192.055344       Ave. chord =    6.013144
     CLsurf  =   0.25820     Clsurf  =  -0.05580
     CYsurf  =  -0.02219     Cmsurf  =  -0.03764
     CDsurf  =   0.00443     Cnsurf  =   0.00036
     CDisurf =   0.00443     CDvsurf =   0.00000

  Forces referred to Ssurf, Cave about hinge axis thru LE
     CLsurf  =   0.51671     CDsurf  =   0.00883
     Deflect =

 Strip Forces referred to Strip Area, Chord
    j      Yle    Chord     Area     c cl      ai      cl_norm  cl       cd       cdv    cm_c/4    cm_LE  C.P.x/c
     1   0.2184   9.9671   4.4240   3.5629  -0.0297   0.5344   0.3574   0.0288   0.0000  -0.0705  -0.1269    0.447
     2   0.6721   9.8529   4.5932   3.5670  -0.0141   0.5412   0.3620   0.0217   0.0000  -0.0681  -0.1259    0.438
     3   1.1478   9.7331   4.7507   3.6033  -0.0059   0.5534   0.3702   0.0208   0.0000  -0.0656  -0.1255    0.427
     4   1.6452   9.6078   4.8960   3.6358  -0.0003   0.5657   0.3784   0.0200   0.0000  -0.0633  -0.1253    0.417
     5   2.1637   9.4772   5.0281   3.6683   0.0043   0.5786   0.3870   0.0190   0.0000  -0.0612  -0.1254    0.408
     6   2.7029   9.3415   5.1466   3.7008   0.0081   0.5922   0.3962   0.0184   0.0000  -0.0593  -0.1257    0.400
     7   3.2467   9.2045   4.9678   3.7291   0.0114   0.6056   0.4051   0.0182   0.0000  -0.0575  -0.1261    0.392
     8   3.7939   9.0668   5.0570   3.7558   0.0142   0.6192   0.4142   0.0179   0.0000  -0.0559  -0.1266    0.385
     9   4.3586   8.9246   5.1324   3.7820   0.0168   0.6335   0.4238   0.0173   0.0000  -0.0543  -0.1272    0.378
    10   4.9403   8.7781   5.1937   3.8058   0.0191   0.6481   0.4335   0.0165   0.0000  -0.0527  -0.1279    0.371
    11   5.5381   8.6275   5.2408   3.8141   0.0211   0.6609   0.4421   0.0158   0.0000  -0.0515  -0.1286    0.366
    12   6.1512   8.4732   5.2734   3.8298   0.0226   0.6757   0.4520   0.0151   0.0000  -0.0501  -0.1295    0.361
    13   6.7788   8.3151   5.2916   3.8250   0.0235   0.6877   0.4600   0.0143   0.0000  -0.0489  -0.1302    0.356
    14   7.4198   8.1537   5.2954   3.8165   0.0236   0.6997   0.4681   0.0130   0.0000  -0.0478  -0.1309    0.352
    15   8.0734   7.9891   5.2850   3.7932   0.0230   0.7098   0.4748   0.0128   0.0000  -0.0471  -0.1317    0.349
    16   8.7386   7.8217   5.2606   3.7589   0.0261   0.7184   0.4806   0.0125   0.0000  -0.0465  -0.1323    0.347
    17   9.4142   7.6515   5.2225   3.7259   0.0319   0.7279   0.4869   0.0120   0.0000  -0.0462  -0.1333    0.345
    18  10.0992   7.4790   5.1711   3.6888   0.0431   0.7373   0.4932   0.0120   0.0000  -0.0461  -0.1345    0.343
    19  10.7924   7.3045   5.1068   3.6545   0.0435   0.7479   0.5003   0.0119   0.0000  -0.0461  -0.1359    0.342
    20  11.4928   7.1281   5.0302   3.6364   0.0410   0.7626   0.5101   0.0110   0.0000  -0.0457  -0.1375    0.340
    21  12.1992   6.9503   4.9419   3.6105   0.0388   0.7766   0.5195   0.0106   0.0000  -0.0454  -0.1391    0.337
    22  12.9102   6.7712   4.8426   3.5777   0.0375   0.7899   0.5284   0.0097   0.0000  -0.0450  -0.1406    0.335
    23  13.6248   6.5913   4.7328   3.5418   0.0369   0.8033   0.5373   0.0085   0.0000  -0.0446  -0.1421    0.333
    24  14.3416   6.4108   4.6135   3.5172   0.0364   0.8202   0.5486   0.0081   0.0000  -0.0440  -0.1438    0.330
    25  15.0593   6.2300   4.4855   3.4726   0.0360   0.8333   0.5574   0.0071   0.0000  -0.0439  -0.1455    0.329
    26  15.7768   6.0494   4.3495   3.4299   0.0356   0.8476   0.5670   0.0066   0.0000  -0.0435  -0.1471    0.327
    27  16.4926   5.8691   4.2065   3.3844   0.0351   0.8620   0.5766   0.0052   0.0000  -0.0432  -0.1488    0.325
    28  17.2055   5.6896   4.0573   3.3331   0.0346   0.8757   0.5858   0.0050   0.0000  -0.0430  -0.1504    0.323
    29  17.9141   5.5112   3.9029   3.2762   0.0341   0.8887   0.5945   0.0038   0.0000  -0.0428  -0.1519    0.322
    30  18.6171   5.3342   3.7442   3.2193   0.0336   0.9022   0.6035   0.0030   0.0000  -0.0425  -0.1535    0.320
    31  19.3133   5.1589   3.5821   3.1582   0.0331   0.9152   0.6122   0.0027   0.0000  -0.0424  -0.1552    0.319
    32  20.0012   4.9856   3.4175   3.0928   0.0327   0.9274   0.6203   0.0014   0.0000  -0.0422  -0.1567    0.318
    33  20.6797   4.8148   3.2513   3.0292   0.0323   0.9405   0.6291   0.0007   0.0000  -0.0421  -0.1583    0.317
    34  21.3348   4.6499   2.9702   2.9618   0.0320   0.9523   0.6370  -0.0006   0.0000  -0.0419  -0.1597    0.316
    35  21.9976   4.4830   3.0948   2.8989   0.0317   0.9667   0.6466  -0.0015   0.0000  -0.0414  -0.1612    0.314
    36  22.6785   4.3115   2.9122   2.8173   0.0315   0.9768   0.6534  -0.0021   0.0000  -0.0417  -0.1628    0.314
    37  23.3440   4.1440   2.7319   2.7435   0.0314   0.9897   0.6620  -0.0031   0.0000  -0.0412  -0.1641    0.312
    38  23.9926   3.9806   2.5546   2.6693   0.0315   1.0024   0.6706  -0.0037   0.0000  -0.0409  -0.1656    0.311
    39  24.6232   3.8219   2.3810   2.5905   0.0318   1.0133   0.6778  -0.0052   0.0000  -0.0406  -0.1667    0.310
    40  25.2345   3.6679   2.2117   2.5156   0.0323   1.0253   0.6858  -0.0056   0.0000  -0.0403  -0.1681    0.309
    41  25.8252   3.5192   2.0475   2.4312   0.0332   1.0328   0.6909  -0.0061   0.0000  -0.0399  -0.1688    0.308
    42  26.3942   3.3759   1.8887   2.3553   0.0344   1.0430   0.6977  -0.0077   0.0000  -0.0392  -0.1696    0.306
    43  26.9404   3.2384   1.7357   2.2731   0.0361   1.0493   0.7019  -0.0085   0.0000  -0.0385  -0.1699    0.305
    44  27.4626   3.1069   1.5890   2.1969   0.0384   1.0570   0.7071  -0.0093   0.0000  -0.0371  -0.1698    0.302
    45  27.9598   2.9817   1.4487   2.1113   0.0413   1.0585   0.7081  -0.0105   0.0000  -0.0358  -0.1690    0.301
    46  28.4311   2.8630   1.3151   2.0240   0.0449   1.0569   0.7070  -0.0117   0.0000  -0.0340  -0.1673    0.298
    47  28.8731   2.7517   1.1755   1.9366   0.0491   1.0521   0.7038  -0.0125   0.0000  -0.0310  -0.1643    0.294
    48  29.2851   2.6480   1.0569   1.8444   0.0539   1.0413   0.6965  -0.0140   0.0000  -0.0271  -0.1598    0.289
    49  29.6687   2.5514   0.9448   1.7427   0.0589   1.0211   0.6830  -0.0148   0.0000  -0.0226  -0.1535    0.283
    50  30.0232   2.4621   0.8388   1.6342   0.0641   0.9923   0.6638  -0.0159   0.0000  -0.0168  -0.1451    0.275
    51  30.3478   2.3804   0.7388   1.5207   0.0692   0.9551   0.6389  -0.0172   0.0000  -0.0102  -0.1349    0.266
    52  30.6419   2.3063   0.6445   1.3951   0.0742   0.9043   0.6049  -0.0185   0.0000  -0.0033  -0.1227    0.255
    53  30.9048   2.2401   0.5554   1.2629   0.0793   0.8428   0.5638  -0.0204   0.0000   0.0033  -0.1093    0.244
    54  31.1361   2.1819   0.4711   1.1211   0.0845   0.7682   0.5139  -0.0215   0.0000   0.0090  -0.0949    0.232
    55  31.3352   2.1317   0.3911   0.9681   0.0901   0.6789   0.4542  -0.0222   0.0000   0.0128  -0.0799    0.222
    56  31.5018   2.0898   0.3147   0.8074   0.0960   0.5776   0.3864  -0.0243   0.0000   0.0148  -0.0650    0.212
    57  31.6354   2.0561   0.2415   0.6388   0.1022   0.4644   0.3107  -0.0252   0.0000   0.0145  -0.0502    0.203
    58  31.7359   2.0308   0.1707   0.4634   0.1082   0.3411   0.2282  -0.0261   0.0000   0.0122  -0.0356    0.197
    59  31.8030   2.0139   0.1017   0.2815   0.1137   0.2090   0.1398  -0.0265   0.0000   0.0082  -0.0212    0.191
    60  31.8366   2.0055   0.0338   0.0944   0.1160   0.0704   0.0471  -0.0288   0.0000   0.0029  -0.0071    0.189

  Surface # 2     Wing (YDUP)                             
     # Chordwise = 12   # Spanwise = 60     First strip = 61
     Surface area =  192.055344       Ave. chord =    6.013144
     CLsurf  =   0.25821     Clsurf  =   0.05581
     CYsurf  =   0.02211     Cmsurf  =  -0.03760
     CDsurf  =   0.00433     Cnsurf  =  -0.00033
     CDisurf =   0.00433     CDvsurf =   0.00000

  Forces referred to Ssurf, Cave about hinge axis thru LE
     CLsurf  =   0.51671     CDsurf  =   0.00862
     Deflect =

 Strip Forces referred to Strip Area, Chord
    j      Yle    Chord     Area     c cl      ai      cl_norm  cl       cd       cdv    cm_c/4    cm_LE  C.P.x/c
    61  -0.2184   9.9671   4.4240   3.5631  -0.0297   0.5344   0.3575   0.0285   0.0000  -0.0705   0.1269    0.447
    62  -0.6721   9.8529   4.5932   3.5710  -0.0141   0.5418   0.3624   0.0219   0.0000  -0.0680   0.1259    0.438
    63  -1.1478   9.7331   4.7507   3.6020  -0.0059   0.5532   0.3701   0.0208   0.0000  -0.0656   0.1255    0.427
    64  -1.6452   9.6078   4.8960   3.6341  -0.0003   0.5654   0.3782   0.0197   0.0000  -0.0632   0.1253    0.417
    65  -2.1637   9.4772   5.0281   3.6690   0.0043   0.5787   0.3871   0.0191   0.0000  -0.0612   0.1254    0.408
    66  -2.7029   9.3415   5.1466   3.7033   0.0081   0.5926   0.3964   0.0186   0.0000  -0.0593   0.1258    0.400
    67  -3.2467   9.2045   4.9678   3.7327   0.0114   0.6062   0.4055   0.0178   0.0000  -0.0574   0.1261    0.392
    68  -3.7939   9.0668   5.0570   3.7579   0.0142   0.6196   0.4145   0.0177   0.0000  -0.0558   0.1266    0.385
    69  -4.3586   8.9246   5.1324   3.7843   0.0168   0.6339   0.4240   0.0169   0.0000  -0.0542   0.1272    0.378
    70  -4.9403   8.7781   5.1937   3.8025   0.0191   0.6476   0.4332   0.0160   0.0000  -0.0528   0.1279    0.372
    71  -5.5381   8.6275   5.2408   3.8110   0.0211   0.6603   0.4417   0.0158   0.0000  -0.0515   0.1286    0.367
    72  -6.1512   8.4732   5.2734   3.8277   0.0226   0.6753   0.4517   0.0148   0.0000  -0.0501   0.1295    0.361
    73  -6.7788   8.3151   5.2916   3.8259   0.0235   0.6878   0.4601   0.0140   0.0000  -0.0489   0.1302    0.356
    74  -7.4198   8.1537   5.2954   3.8157   0.0236   0.6996   0.4680   0.0128   0.0000  -0.0479   0.1309    0.352
    75  -8.0734   7.9891   5.2850   3.7906   0.0230   0.7093   0.4745   0.0130   0.0000  -0.0472   0.1316    0.349
    76  -8.7386   7.8217   5.2606   3.7565   0.0261   0.7180   0.4803   0.0124   0.0000  -0.0466   0.1323    0.347
    77  -9.4142   7.6515   5.2225   3.7267   0.0319   0.7281   0.4870   0.0117   0.0000  -0.0461   0.1333    0.345
    78 -10.0992   7.4790   5.1711   3.6879   0.0431   0.7371   0.4931   0.0121   0.0000  -0.0461   0.1345    0.344
    79 -10.7924   7.3045   5.1068   3.6542   0.0435   0.7478   0.5003   0.0116   0.0000  -0.0461   0.1359    0.342
    80 -11.4928   7.1281   5.0302   3.6364   0.0410   0.7626   0.5101   0.0108   0.0000  -0.0457   0.1375    0.340
    81 -12.1992   6.9503   4.9419   3.6129   0.0388   0.7771   0.5198   0.0102   0.0000  -0.0453   0.1391    0.337
    82 -12.9102   6.7712   4.8426   3.5788   0.0375   0.7901   0.5285   0.0096   0.0000  -0.0450   0.1406    0.335
    83 -13.6248   6.5913   4.7328   3.5453   0.0369   0.8041   0.5379   0.0088   0.0000  -0.0445   0.1421    0.333
    84 -14.3416   6.4108   4.6135   3.5182   0.0364   0.8204   0.5488   0.0077   0.0000  -0.0440   0.1439    0.330
    85 -15.0593   6.2300   4.4855   3.4736   0.0360   0.8335   0.5575   0.0073   0.0000  -0.0438   0.1454    0.329
    86 -15.7768   6.0494   4.3495   3.4312   0.0356   0.8479   0.5672   0.0060   0.0000  -0.0434   0.1471    0.327
    87 -16.4926   5.8691   4.2065   3.3834   0.0351   0.8618   0.5765   0.0056   0.0000  -0.0433   0.1488    0.325
    88 -17.2055   5.6896   4.0573   3.3323   0.0346   0.8755   0.5857   0.0048   0.0000  -0.0430   0.1504    0.323
    89 -17.9141   5.5112   3.9029   3.2767   0.0341   0.8888   0.5946   0.0036   0.0000  -0.0427   0.1519    0.322
    90 -18.6171   5.3342   3.7442   3.2193   0.0336   0.9022   0.6035   0.0028   0.0000  -0.0425   0.1535    0.320
    91 -19.3133   5.1589   3.5821   3.1576   0.0331   0.9150   0.6121   0.0021   0.0000  -0.0424   0.1552    0.319
    92 -20.0012   4.9856   3.4175   3.0915   0.0327   0.9270   0.6201   0.0016   0.0000  -0.0422   0.1566    0.318
    93 -20.6797   4.8148   3.2513   3.0291   0.0323   0.9405   0.6291   0.0004   0.0000  -0.0422   0.1584    0.317
    94 -21.3348   4.6499   2.9702   2.9631   0.0320   0.9527   0.6372  -0.0007   0.0000  -0.0419   0.1597    0.316
    95 -21.9976   4.4830   3.0948   2.8946   0.0317   0.9652   0.6457  -0.0014   0.0000  -0.0416   0.1612    0.314
    96 -22.6785   4.3115   2.9122   2.8213   0.0315   0.9782   0.6544  -0.0025   0.0000  -0.0414   0.1627    0.313
    97 -23.3440   4.1440   2.7319   2.7415   0.0314   0.9890   0.6616  -0.0032   0.0000  -0.0413   0.1641    0.312
    98 -23.9926   3.9806   2.5546   2.6682   0.0315   1.0020   0.6703  -0.0044   0.0000  -0.0410   0.1656    0.311
    99 -24.6232   3.8219   2.3810   2.5913   0.0318   1.0136   0.6780  -0.0056   0.0000  -0.0405   0.1667    0.310
   100 -25.2345   3.6679   2.2117   2.5147   0.0323   1.0249   0.6856  -0.0064   0.0000  -0.0404   0.1681    0.309
   101 -25.8252   3.5192   2.0475   2.4313   0.0332   1.0328   0.6909  -0.0066   0.0000  -0.0399   0.1688    0.308
   102 -26.3942   3.3759   1.8887   2.3540   0.0344   1.0424   0.6973  -0.0080   0.0000  -0.0393   0.1696    0.306
   103 -26.9404   3.2384   1.7357   2.2745   0.0361   1.0499   0.7023  -0.0089   0.0000  -0.0385   0.1700    0.305
   104 -27.4626   3.1069   1.5890   2.1920   0.0384   1.0547   0.7055  -0.0102   0.0000  -0.0375   0.1698    0.303
   105 -27.9598   2.9817   1.4487   2.1117   0.0413   1.0587   0.7082  -0.0114   0.0000  -0.0358   0.1690    0.301
   106 -28.4311   2.8630   1.3151   2.0251   0.0449   1.0574   0.7073  -0.0123   0.0000  -0.0339   0.1673    0.298
   107 -28.8731   2.7517   1.1755   1.9380   0.0491   1.0529   0.7043  -0.0129   0.0000  -0.0309   0.1643    0.294
   108 -29.2851   2.6480   1.0569   1.8438   0.0539   1.0410   0.6963  -0.0146   0.0000  -0.0272   0.1598    0.289
   109 -29.6687   2.5514   0.9448   1.7428   0.0589   1.0212   0.6831  -0.0154   0.0000  -0.0226   0.1535    0.283
   110 -30.0232   2.4621   0.8388   1.6349   0.0641   0.9927   0.6640  -0.0166   0.0000  -0.0167   0.1451    0.275
   111 -30.3478   2.3804   0.7388   1.5221   0.0692   0.9559   0.6395  -0.0184   0.0000  -0.0100   0.1349    0.266
   112 -30.6419   2.3063   0.6445   1.3949   0.0742   0.9042   0.6048  -0.0194   0.0000  -0.0034   0.1227    0.256
   113 -30.9048   2.2401   0.5554   1.2631   0.0793   0.8429   0.5639  -0.0211   0.0000   0.0033   0.1093    0.244
   114 -31.1361   2.1819   0.4711   1.1211   0.0845   0.7682   0.5139  -0.0225   0.0000   0.0090   0.0949    0.233
   115 -31.3352   2.1317   0.3911   0.9676   0.0901   0.6785   0.4539  -0.0236   0.0000   0.0128   0.0799    0.222
   116 -31.5018   2.0898   0.3147   0.8077   0.0960   0.5778   0.3865  -0.0248   0.0000   0.0148   0.0650    0.212
   117 -31.6354   2.0561   0.2415   0.6392   0.1022   0.4648   0.3109  -0.0257   0.0000   0.0145   0.0502    0.203
   118 -31.7359   2.0308   0.1707   0.4636   0.1082   0.3413   0.2283  -0.0265   0.0000   0.0122   0.0356    0.197
   119 -31.8030   2.0139   0.1017   0.2812   0.1137   0.2088   0.1397  -0.0267   0.0000   0.0082   0.0212    0.191
   120 -31.8366   2.0055   0.0338   0.0941   0.1160   0.0702   0.0470  -0.0290   0.0000   0.0028   0.0071    0.190

  Surface # 3     Stab                                    
     # Chordwise =  8   # Spanwise = 16     First strip =121
     Surface area =   26.966141       Ave. chord =    3.450353
     CLsurf  =  -0.02640     Clsurf  =   0.00155
     CYsurf  =   0.00366     Cmsurf  =   0.12771
     CDsurf  =  -0.00076     Cnsurf  =  -0.00197
     CDisurf =  -0.00076     CDvsurf =   0.00000

  Forces referred to Ssurf, Cave about hinge axis thru LE
     CLsurf  =  -0.37833     CDsurf  =  -0.01073
     Deflect =

 Strip Forces referred to Strip Area, Chord
    j      Yle    Chord     Area     c cl      ai      cl_norm  cl       cd       cdv    cm_c/4    cm_LE  C.P.x/c
   121   0.1998   4.8536   2.0413  -1.8699  -0.0761  -0.5577  -0.3853   0.0074   0.0000   0.0159   0.0893    0.291
   122   0.6532   4.6809   2.2961  -1.8486  -0.0612  -0.5717  -0.3949  -0.0019   0.0000   0.0043   0.0819    0.261
   123   1.1725   4.4830   2.4771  -1.7845  -0.0456  -0.5762  -0.3981  -0.0068   0.0000  -0.0068   0.0737    0.233
   124   1.7485   4.2636   2.5755  -1.6993  -0.0335  -0.5769  -0.3986  -0.0106   0.0000  -0.0136   0.0684    0.216
   125   2.3695   4.0270   2.5884  -1.6020  -0.0257  -0.5758  -0.3978  -0.0131   0.0000  -0.0159   0.0664    0.210
   126   3.0219   3.7785   2.5192  -1.4990  -0.0212  -0.5742  -0.3967  -0.0143   0.0000  -0.0152   0.0668    0.212
   127   3.6902   3.5239   2.3771  -1.3940  -0.0192  -0.5726  -0.3956  -0.0148   0.0000  -0.0134   0.0680    0.216
   128   4.3579   3.2696   2.1753  -1.2883  -0.0190  -0.5703  -0.3940  -0.0148   0.0000  -0.0120   0.0688    0.219
   129   5.0078   3.0220   1.9302  -1.1795  -0.0201  -0.5650  -0.3903  -0.0147   0.0000  -0.0123   0.0678    0.219
   130   5.6227   2.7877   1.6586  -1.0638  -0.0221  -0.5523  -0.3816  -0.0148   0.0000  -0.0146   0.0643    0.212
   131   6.1859   2.5732   1.3765  -0.9364  -0.0244  -0.5267  -0.3639  -0.0152   0.0000  -0.0190   0.0572    0.198
   132   6.6819   2.3842   1.0969  -0.7943  -0.0266  -0.4822  -0.3331  -0.0157   0.0000  -0.0245   0.0468    0.176
   133   7.0968   2.2262   0.8285  -0.6369  -0.0282  -0.4141  -0.2861  -0.0159   0.0000  -0.0289   0.0339    0.149
   134   7.4188   2.1035   0.5758  -0.4658  -0.0294  -0.3205  -0.2214  -0.0154   0.0000  -0.0290   0.0210    0.119
   135   7.6387   2.0197   0.3382  -0.2840  -0.0300  -0.2035  -0.1406  -0.0132   0.0000  -0.0222   0.0103    0.092
   136   7.7503   1.9772   0.1114  -0.0954  -0.0303  -0.0698  -0.0482  -0.0092   0.0000  -0.0083   0.0030    0.077

  Surface # 4     Stab (YDUP)                             
     # Chordwise =  8   # Spanwise = 16     First strip =137
     Surface area =   26.966141       Ave. chord =    3.450353
     CLsurf  =  -0.02640     Clsurf  =  -0.00155
     CYsurf  =  -0.00366     Cmsurf  =   0.12771
     CDsurf  =  -0.00076     Cnsurf  =   0.00197
     CDisurf =  -0.00076     CDvsurf =   0.00000

  Forces referred to Ssurf, Cave about hinge axis thru LE
     CLsurf  =  -0.37833     CDsurf  =  -0.01073
     Deflect =

 Strip Forces referred to Strip Area, Chord
    j      Yle    Chord     Area     c cl      ai      cl_norm  cl       cd       cdv    cm_c/4    cm_LE  C.P.x/c
   137  -0.1998   4.8536   2.0413  -1.8699  -0.0761  -0.5577  -0.3853   0.0074   0.0000   0.0159  -0.0893    0.291
   138  -0.6532   4.6809   2.2961  -1.8486  -0.0612  -0.5717  -0.3949  -0.0019   0.0000   0.0043  -0.0819    0.261
   139  -1.1725   4.4830   2.4771  -1.7845  -0.0456  -0.5762  -0.3980  -0.0068   0.0000  -0.0068  -0.0737    0.233
   140  -1.7485   4.2636   2.5755  -1.6994  -0.0335  -0.5769  -0.3986  -0.0107   0.0000  -0.0136  -0.0684    0.216
   141  -2.3695   4.0270   2.5884  -1.6020  -0.0257  -0.5758  -0.3978  -0.0131   0.0000  -0.0159  -0.0664    0.210
   142  -3.0219   3.7785   2.5192  -1.4990  -0.0212  -0.5742  -0.3967  -0.0143   0.0000  -0.0152  -0.0668    0.212
   143  -3.6902   3.5239   2.3771  -1.3940  -0.0192  -0.5726  -0.3956  -0.0147   0.0000  -0.0134  -0.0680    0.216
   144  -4.3579   3.2696   2.1753  -1.2883  -0.0190  -0.5703  -0.3940  -0.0147   0.0000  -0.0120  -0.0688    0.219
   145  -5.0078   3.0220   1.9302  -1.1795  -0.0201  -0.5650  -0.3903  -0.0147   0.0000  -0.0123  -0.0678    0.219
   146  -5.6227   2.7877   1.6586  -1.0637  -0.0221  -0.5523  -0.3816  -0.0149   0.0000  -0.0146  -0.0643    0.212
   147  -6.1859   2.5732   1.3765  -0.9364  -0.0244  -0.5267  -0.3639  -0.0152   0.0000  -0.0190  -0.0572    0.198
   148  -6.6819   2.3842   1.0969  -0.7943  -0.0266  -0.4822  -0.3331  -0.0158   0.0000  -0.0245  -0.0468    0.176
   149  -7.0968   2.2262   0.8285  -0.6369  -0.0282  -0.4141  -0.2861  -0.0159   0.0000  -0.0289  -0.0339    0.149
   150  -7.4188   2.1035   0.5758  -0.4658  -0.0294  -0.3205  -0.2214  -0.0155   0.0000  -0.0290  -0.0210    0.119
   151  -7.6387   2.0197   0.3382  -0.2840  -0.0300  -0.2035  -0.1406  -0.0131   0.0000  -0.0222  -0.0103    0.092
   152  -7.7503   1.9772   0.1114  -0.0954  -0.0303  -0.0698  -0.0482  -0.0092   0.0000  -0.0083  -0.0030    0.077

  Surface # 5     Fin                                     
     # Chordwise =  8   # Spanwise = 12     First strip =153
     Surface area =   40.663776       Ave. chord =    4.834250
     CLsurf  =   0.00000     Clsurf  =  -0.00000
     CYsurf  =  -0.00000     Cmsurf  =  -0.00000
     CDsurf  =  -0.00000     Cnsurf  =   0.00000
     CDisurf =  -0.00000     CDvsurf =   0.00000

  Forces referred to Ssurf, Cave about hinge axis thru LE
     CLsurf  =   0.00000     CDsurf  =  -0.00000
     Deflect =

 Strip Forces referred to Strip Area, Chord
    j      Yle    Chord     Area     c cl      ai      cl_norm  cl       cd       cdv    cm_c/4    cm_LE  C.P.x/c
   153   0.0000   6.9376   0.9942   0.0000   0.0000   0.0000   0.0000   0.0000   0.0000  -0.0000  -0.0000    0.301
   154   0.0000   6.7943   2.8547   0.0000   0.0000   0.0000   0.0000   0.0000   0.0000   0.0000  -0.0000    0.065
   155   0.0000   6.5174   4.3561   0.0000  -0.0000   0.0000   0.0000  -0.0000   0.0000   0.0000   0.0000   -0.459
   156   0.0000   6.1258   5.3358   0.0000   0.0000   0.0000   0.0000  -0.0000   0.0000  -0.0000  -0.0000    0.431
   157   0.0000   5.6461   5.7272   0.0000  -0.0000   0.0000   0.0000  -0.0000   0.0000  -0.0000  -0.0000    0.371
   158   0.0000   5.1112   5.5637   0.0000  -0.0000   0.0000   0.0000  -0.0000   0.0000   0.0000   0.0000   -0.081
   159   0.0000   4.5573   4.9608  -0.0000   0.0000  -0.0000  -0.0000  -0.0000   0.0000   0.0000   0.0000
   160   0.0000   4.0224   4.0801   0.0000   0.0000   0.0000   0.0000  -0.0000   0.0000   0.0000  -0.0000    0.212
   161   0.0000   3.5427   3.0859   0.0000   0.0000   0.0000   0.0000  -0.0000   0.0000   0.0000   0.0000   -0.702
   162   0.0000   3.1511   2.1061   0.0000   0.0000   0.0000   0.0000   0.0000   0.0000   0.0000   0.0000
   163   0.0000   2.8742   1.2076  -0.0000  -0.0000  -0.0000  -0.0000  -0.0000   0.0000   0.0000   0.0000    1.984
   164   0.0000   2.7308   0.3914   0.0000  -0.0000   0.0000   0.0000  -0.0000   0.0000   0.0000   0.0000

  Surface # 6     Nacelle                                 
     # Chordwise =  6   # Spanwise = 12     First strip =165
     Surface area =   74.154915       Ave. chord =    6.060000
     CLsurf  =   0.00149     Clsurf  =  -0.00048
     CYsurf  =   0.00318     Cmsurf  =   0.00256
     CDsurf  =  -0.00003     Cnsurf  =   0.00037
     CDisurf =  -0.00003     CDvsurf =   0.00000

  Forces referred to Ssurf, Cave about hinge axis thru LE
     CLsurf  =   0.00781     CDsurf  =  -0.00015
     Deflect =

 Strip Forces referred to Strip Area, Chord
    j      Yle    Chord     Area     c cl      ai      cl_norm  cl       cd       cdv    cm_c/4    cm_LE  C.P.x/c
   165  10.4125   6.0600   6.1797   0.5864   0.0581   0.0968   0.0968  -0.0004   0.0000  -0.0034  -0.0276    0.285
   166  11.2655   6.0600   6.1792   0.6303   0.0508   0.1040   0.1040  -0.0003   0.0000  -0.0100  -0.0361    0.347
   167  11.7580   6.0600   6.1797   0.5945   0.0262   0.0981   0.0981  -0.0002   0.0000  -0.0124  -0.0369    0.376
   168  11.7580   6.0600   6.1797   0.5245   0.0018   0.0866   0.0866  -0.0001   0.0000  -0.0130  -0.0346    0.400
   169  11.2655   6.0600   6.1792   0.4446  -0.0155   0.0734   0.0734  -0.0001   0.0000  -0.0130  -0.0313    0.427
   170  10.4125   6.0600   6.1797   0.3639  -0.0259   0.0600   0.0600  -0.0000   0.0000  -0.0124  -0.0274    0.457
   171   9.4275   6.0600   6.1797   0.2865  -0.0317   0.0473   0.0473  -0.0000   0.0000  -0.0108  -0.0227    0.479
   172   8.5745   6.0600   6.1792   0.2187  -0.0352   0.0361   0.0361  -0.0000   0.0000  -0.0076  -0.0167    0.461
   173   8.0820   6.0600   6.1797   0.1762  -0.0356   0.0291   0.0291  -0.0000   0.0000  -0.0022  -0.0094    0.325
   174   8.0820   6.0600   6.1797   0.1876  -0.0268   0.0310   0.0310  -0.0001   0.0000   0.0052  -0.0025    0.082
   175   8.5745   6.0600   6.1792   0.2793  -0.0012   0.0461   0.0461  -0.0002   0.0000   0.0106  -0.0009    0.021
   176   9.4275   6.0600   6.1797   0.4404   0.0350   0.0727   0.0727  -0.0003   0.0000   0.0069  -0.0113    0.155

  Surface # 7     Nacelle (YDUP)                          
     # Chordwise =  6   # Spanwise = 12     First strip =177
     Surface area =   74.154915       Ave. chord =    6.060000
     CLsurf  =   0.00149     Clsurf  =   0.00048
     CYsurf  =  -0.00318     Cmsurf  =   0.00256
     CDsurf  =  -0.00003     Cnsurf  =  -0.00037
     CDisurf =  -0.00003     CDvsurf =   0.00000

  Forces referred to Ssurf, Cave about hinge axis thru LE
     CLsurf  =   0.00781     CDsurf  =  -0.00015
     Deflect =

 Strip Forces referred to Strip Area, Chord
    j      Yle    Chord     Area     c cl      ai      cl_norm  cl       cd       cdv    cm_c/4    cm_LE  C.P.x/c
   177 -10.4125   6.0600   6.1797   0.5864   0.0581   0.0968   0.0968  -0.0004   0.0000  -0.0034   0.0276    0.285
   178 -11.2655   6.0600   6.1792   0.6303   0.0509   0.1040   0.1040  -0.0003   0.0000  -0.0100   0.0361    0.347
   179 -11.7580   6.0600   6.1797   0.5945   0.0262   0.0981   0.0981  -0.0002   0.0000  -0.0124   0.0369    0.376
   180 -11.7580   6.0600   6.1797   0.5245   0.0018   0.0866   0.0866  -0.0001   0.0000  -0.0130   0.0346    0.400
   181 -11.2655   6.0600   6.1792   0.4446  -0.0155   0.0734   0.0734  -0.0001   0.0000  -0.0130   0.0313    0.427
   182 -10.4125   6.0600   6.1797   0.3639  -0.0259   0.0600   0.0600  -0.0000   0.0000  -0.0124   0.0274    0.457
   183  -9.4275   6.0600   6.1797   0.2865  -0.0317   0.0473   0.0473  -0.0000   0.0000  -0.0108   0.0227    0.479
   184  -8.5745   6.0600   6.1792   0.2187  -0.0352   0.0361   0.0361  -0.0000   0.0000  -0.0076   0.0167    0.461
   185  -8.0820   6.0600   6.1797   0.1762  -0.0356   0.0291   0.0291  -0.0000   0.0000  -0.0022   0.0094    0.325
   186  -8.0820   6.0600   6.1797   0.1876  -0.0268   0.0310   0.0310  -0.0001   0.0000   0.0052   0.0025    0.082
   187  -8.5745   6.0600   6.1792   0.2793  -0.0012   0.0461   0.0461  -0.0002   0.0000   0.0106   0.0009    0.021
   188  -9.4275   6.0600   6.1797   0.4404   0.0350   0.0727   0.0727  -0.0003   0.0000   0.0069   0.0113    0.155
 ---------------------------------------------------------------

 Operation of run case 1/1:   -unnamed-                              
 ==========================================================

  variable          constraint              
  ------------      ------------------------
  A lpha        ->  CL          =  0.4702         
  B eta         ->  beta        =   0.000         
  R oll  rate   ->  pb/2V       =   0.000         
  P itch rate   ->  qc/2V       =   0.000         
  Y aw   rate   ->  rb/2V       =   0.000         
  D1  flap      ->  flap        =   0.000         
  D2  slat      ->  slat        =   0.000         
  D3  aileron   ->  aileron     =   0.000         
  D4  elevator  ->  Cm pitchmom =   0.000         
  D5  rudder    ->  rudder      =   0.000         
  ------------      ------------------------

  C1  set level or banked  horizontal flight constraints
  C2  set steady pitch rate (looping) flight constraints
  M odify parameters                                    

 "#" select  run case          L ist defined run cases   
  +  add new run case          S ave run cases to file   
  -  delete  run case          F etch run cases from file
  N ame current run case       W rite forces to file     

 eX ecute run case             I nitialize variables     

  G eometry plot               T refftz Plane plot       

  ST  stability derivatives    FT  total   forces        
  SB  body-axis derivatives    FN  surface forces        
  RE  reference quantities     FS  strip   forces        
  DE  design changes           FE  element forces        
  O ptions                     FB  body forces           
                               HM  hinge moments         
                               VM  strip shear,moment    

 .OPER (case 1/1)   c>  
 * Option not recognized

 Operation of run case 1/1:   -unnamed-                              
 ==========================================================

  variable          constraint              
  ------------      ------------------------
  A lpha        ->  CL          =  0.4702         
  B eta         ->  beta        =   0.000         
  R oll  rate   ->  pb/2V       =   0.000         
  P itch rate   ->  qc/2V       =   0.000         
  Y aw   rate   ->  rb/2V       =   0.000         
  D1  flap      ->  flap        =   0.000         
  D2  slat      ->  slat        =   0.000         
  D3  aileron   ->  aileron     =   0.000         
  D4  elevator  ->  Cm pitchmom =   0.000         
  D5  rudder    ->  rudder      =   0.000         
  ------------      ------------------------

  C1  set level or banked  horizontal flight constraints
  C2  set steady pitch rate (looping) flight constraints
  M odify parameters                                    

 "#" select  run case          L ist defined run cases   
  +  add new run case          S ave run cases to file   
  -  delete  run case          F etch run cases from file
  N ame current run case       W rite forces to file     

 eX ecute run case             I nitialize variables     

  G eometry plot               T refftz Plane plot       

  ST  stability derivatives    FT  total   forces        
  SB  body-axis derivatives    FN  surface forces        
  RE  reference quantities     FS  strip   forces        
  DE  design changes           FE  element forces        
  O ptions                     FB  body forces           
                               HM  hinge moments         
                               VM  strip shear,moment    

 .OPER (case 1/1)   c>  