Surface and Strip Forces by surface

  Forces referred to Sref, Cref, Bref about Xref, Yref, Zref
 Standard axis orientation,  X fwd, Z down         

  Surface # 1     Wing                                    
     # Chordwise = 12   # Spanwise = 60     First strip =  1
     Surface area =  192.055344       Ave. chord =    6.013144
     CLsurf  =   0.26534     Clsurf  =  -0.05735
     CYsurf  =  -0.02253     Cmsurf  =  -0.08258
     CDsurf  =   0.00468     Cnsurf  =   0.00061
     CDisurf =   0.00468     CDvsurf =   0.00000

  Forces referred to Ssurf, Cave about hinge axis thru LE
     CLsurf  =   0.53095     CDsurf  =   0.00934
     Deflect =

 Strip Forces referred to Strip Area, Chord
    j      Yle    Chord     Area     c cl      ai      cl_norm  cl       cd       cdv    cm_c/4    cm_LE  C.P.x/c
     1   0.2184   9.9671   4.4240   3.6652  -0.0344   0.5497   0.3676   0.0304   0.0000  -0.0718  -0.1300    0.445
     2   0.6721   9.8529   4.5932   3.6680  -0.0186   0.5566   0.3722   0.0231   0.0000  -0.0693  -0.1289    0.436
     3   1.1478   9.7331   4.7507   3.7047  -0.0103   0.5691   0.3806   0.0221   0.0000  -0.0666  -0.1284    0.425
     4   1.6452   9.6078   4.8960   3.7379  -0.0044   0.5817   0.3890   0.0212   0.0000  -0.0641  -0.1282    0.415
     5   2.1637   9.4772   5.0281   3.7712   0.0004   0.5949   0.3979   0.0202   0.0000  -0.0619  -0.1282    0.406
     6   2.7029   9.3415   5.1466   3.8049   0.0045   0.6090   0.4073   0.0195   0.0000  -0.0600  -0.1285    0.397
     7   3.2467   9.2045   4.9678   3.8342   0.0081   0.6228   0.4165   0.0193   0.0000  -0.0581  -0.1288    0.389
     8   3.7939   9.0668   5.0570   3.8617   0.0113   0.6368   0.4259   0.0189   0.0000  -0.0563  -0.1293    0.382
     9   4.3586   8.9246   5.1324   3.8887   0.0141   0.6515   0.4357   0.0183   0.0000  -0.0546  -0.1299    0.375
    10   4.9403   8.7781   5.1937   3.9131   0.0168   0.6665   0.4457   0.0174   0.0000  -0.0530  -0.1306    0.369
    11   5.5381   8.6275   5.2408   3.9210   0.0191   0.6795   0.4544   0.0166   0.0000  -0.0517  -0.1313    0.364
    12   6.1512   8.4732   5.2734   3.9363   0.0209   0.6946   0.4645   0.0159   0.0000  -0.0502  -0.1321    0.358
    13   6.7788   8.3151   5.2916   3.9299   0.0222   0.7066   0.4726   0.0151   0.0000  -0.0491  -0.1328    0.354
    14   7.4198   8.1537   5.2954   3.9194   0.0226   0.7187   0.4807   0.0137   0.0000  -0.0480  -0.1335    0.350
    15   8.0734   7.9891   5.2850   3.8935   0.0224   0.7287   0.4873   0.0135   0.0000  -0.0473  -0.1343    0.347
    16   8.7386   7.8217   5.2606   3.8567   0.0262   0.7373   0.4930   0.0132   0.0000  -0.0467  -0.1350    0.345
    17   9.4142   7.6515   5.2225   3.8222   0.0329   0.7469   0.4995   0.0128   0.0000  -0.0464  -0.1360    0.343
    18  10.0992   7.4790   5.1711   3.7845   0.0448   0.7566   0.5060   0.0128   0.0000  -0.0463  -0.1373    0.342
    19  10.7924   7.3045   5.1068   3.7506   0.0452   0.7677   0.5134   0.0127   0.0000  -0.0463  -0.1387    0.340
    20  11.4928   7.1281   5.0302   3.7338   0.0426   0.7832   0.5238   0.0117   0.0000  -0.0459  -0.1405    0.338
    21  12.1992   6.9503   4.9419   3.7086   0.0404   0.7978   0.5336   0.0113   0.0000  -0.0456  -0.1421    0.335
    22  12.9102   6.7712   4.8426   3.6759   0.0392   0.8117   0.5428   0.0103   0.0000  -0.0452  -0.1437    0.333
    23  13.6248   6.5913   4.7328   3.6396   0.0386   0.8257   0.5522   0.0090   0.0000  -0.0448  -0.1452    0.331
    24  14.3416   6.4108   4.6135   3.6152   0.0382   0.8432   0.5639   0.0085   0.0000  -0.0441  -0.1470    0.328
    25  15.0593   6.2300   4.4855   3.5695   0.0378   0.8567   0.5729   0.0074   0.0000  -0.0439  -0.1487    0.327
    26  15.7768   6.0494   4.3495   3.5259   0.0374   0.8715   0.5828   0.0069   0.0000  -0.0436  -0.1503    0.325
    27  16.4926   5.8691   4.2065   3.4792   0.0369   0.8864   0.5928   0.0055   0.0000  -0.0433  -0.1521    0.323
    28  17.2055   5.6896   4.0573   3.4265   0.0364   0.9005   0.6022   0.0053   0.0000  -0.0431  -0.1538    0.322
    29  17.9141   5.5112   3.9029   3.3680   0.0359   0.9138   0.6111   0.0040   0.0000  -0.0428  -0.1553    0.320
    30  18.6171   5.3342   3.7442   3.3095   0.0353   0.9277   0.6204   0.0032   0.0000  -0.0425  -0.1569    0.318
    31  19.3133   5.1589   3.5821   3.2466   0.0348   0.9410   0.6293   0.0028   0.0000  -0.0424  -0.1586    0.317
    32  20.0012   4.9856   3.4175   3.1793   0.0343   0.9536   0.6377   0.0014   0.0000  -0.0423  -0.1602    0.316
    33  20.6797   4.8148   3.2513   3.1140   0.0339   0.9671   0.6467   0.0006   0.0000  -0.0422  -0.1619    0.315
    34  21.3348   4.6499   2.9702   3.0446   0.0335   0.9792   0.6548  -0.0007   0.0000  -0.0420  -0.1633    0.314
    35  21.9976   4.4830   3.0948   2.9800   0.0332   0.9940   0.6647  -0.0016   0.0000  -0.0414  -0.1648    0.312
    36  22.6785   4.3115   2.9122   2.8959   0.0330   1.0044   0.6717  -0.0023   0.0000  -0.0417  -0.1665    0.312
    37  23.3440   4.1440   2.7319   2.8200   0.0329   1.0176   0.6805  -0.0033   0.0000  -0.0412  -0.1678    0.311
    38  23.9926   3.9806   2.5546   2.7437   0.0329   1.0307   0.6893  -0.0040   0.0000  -0.0409  -0.1693    0.309
    39  24.6232   3.8219   2.3810   2.6626   0.0332   1.0418   0.6967  -0.0055   0.0000  -0.0405  -0.1705    0.308
    40  25.2345   3.6679   2.2117   2.5857   0.0338   1.0541   0.7050  -0.0059   0.0000  -0.0403  -0.1720    0.307
    41  25.8252   3.5192   2.0475   2.4987   0.0346   1.0618   0.7101  -0.0065   0.0000  -0.0399  -0.1727    0.306
    42  26.3942   3.3759   1.8887   2.4207   0.0359   1.0723   0.7171  -0.0081   0.0000  -0.0392  -0.1735    0.305
    43  26.9404   3.2384   1.7357   2.3362   0.0376   1.0788   0.7214  -0.0091   0.0000  -0.0384  -0.1737    0.303
    44  27.4626   3.1069   1.5890   2.2578   0.0399   1.0867   0.7267  -0.0099   0.0000  -0.0370  -0.1737    0.301
    45  27.9598   2.9817   1.4487   2.1698   0.0429   1.0882   0.7277  -0.0112   0.0000  -0.0357  -0.1728    0.299
    46  28.4311   2.8630   1.3151   2.0800   0.0466   1.0864   0.7265  -0.0124   0.0000  -0.0338  -0.1711    0.296
    47  28.8731   2.7517   1.1755   1.9900   0.0509   1.0815   0.7232  -0.0133   0.0000  -0.0307  -0.1680    0.292
    48  29.2851   2.6480   1.0569   1.8952   0.0558   1.0703   0.7158  -0.0148   0.0000  -0.0267  -0.1633    0.287
    49  29.6687   2.5514   0.9448   1.7905   0.0610   1.0495   0.7018  -0.0157   0.0000  -0.0220  -0.1569    0.281
    50  30.0232   2.4621   0.8388   1.6789   0.0662   1.0197   0.6820  -0.0168   0.0000  -0.0161  -0.1482    0.274
    51  30.3478   2.3804   0.7388   1.5621   0.0714   0.9814   0.6563  -0.0183   0.0000  -0.0093  -0.1377    0.264
    52  30.6419   2.3063   0.6445   1.4328   0.0765   0.9291   0.6213  -0.0197   0.0000  -0.0022  -0.1251    0.254
    53  30.9048   2.2401   0.5554   1.2969   0.0817   0.8658   0.5790  -0.0217   0.0000   0.0046  -0.1113    0.242
    54  31.1361   2.1819   0.4711   1.1511   0.0870   0.7890   0.5277  -0.0229   0.0000   0.0104  -0.0965    0.230
    55  31.3352   2.1317   0.3911   0.9938   0.0926   0.6972   0.4663  -0.0237   0.0000   0.0143  -0.0812    0.219
    56  31.5018   2.0898   0.3147   0.8286   0.0986   0.5930   0.3966  -0.0259   0.0000   0.0162  -0.0659    0.209
    57  31.6354   2.0561   0.2415   0.6554   0.1047   0.4767   0.3188  -0.0267   0.0000   0.0157  -0.0508    0.201
    58  31.7359   2.0308   0.1707   0.4753   0.1107   0.3501   0.2341  -0.0277   0.0000   0.0132  -0.0360    0.194
    59  31.8030   2.0139   0.1017   0.2887   0.1163   0.2145   0.1435  -0.0279   0.0000   0.0089  -0.0214    0.188
    60  31.8366   2.0055   0.0338   0.0969   0.1185   0.0724   0.0484  -0.0301   0.0000   0.0031  -0.0071    0.186

  Surface # 2     Wing (YDUP)                             
     # Chordwise = 12   # Spanwise = 60     First strip = 61
     Surface area =  192.055344       Ave. chord =    6.013144
     CLsurf  =   0.26535     Clsurf  =   0.05736
     CYsurf  =   0.02245     Cmsurf  =  -0.08253
     CDsurf  =   0.00457     Cnsurf  =  -0.00057
     CDisurf =   0.00457     CDvsurf =   0.00000

  Forces referred to Ssurf, Cave about hinge axis thru LE
     CLsurf  =   0.53096     CDsurf  =   0.00912
     Deflect =

 Strip Forces referred to Strip Area, Chord
    j      Yle    Chord     Area     c cl      ai      cl_norm  cl       cd       cdv    cm_c/4    cm_LE  C.P.x/c
    61  -0.2184   9.9671   4.4240   3.6655  -0.0344   0.5498   0.3677   0.0302   0.0000  -0.0718   0.1300    0.445
    62  -0.6721   9.8529   4.5932   3.6722  -0.0186   0.5572   0.3726   0.0232   0.0000  -0.0692   0.1289    0.436
    63  -1.1478   9.7331   4.7507   3.7035  -0.0103   0.5689   0.3804   0.0221   0.0000  -0.0666   0.1284    0.425
    64  -1.6452   9.6078   4.8960   3.7361  -0.0044   0.5814   0.3888   0.0209   0.0000  -0.0641   0.1281    0.415
    65  -2.1637   9.4772   5.0281   3.7720   0.0004   0.5951   0.3979   0.0203   0.0000  -0.0619   0.1282    0.406
    66  -2.7029   9.3415   5.1466   3.8075   0.0045   0.6094   0.4075   0.0197   0.0000  -0.0599   0.1285    0.397
    67  -3.2467   9.2045   4.9678   3.8379   0.0081   0.6234   0.4169   0.0189   0.0000  -0.0580   0.1288    0.389
    68  -3.7939   9.0668   5.0570   3.8639   0.0113   0.6372   0.4261   0.0187   0.0000  -0.0563   0.1293    0.382
    69  -4.3586   8.9246   5.1324   3.8911   0.0141   0.6519   0.4359   0.0179   0.0000  -0.0545   0.1299    0.375
    70  -4.9403   8.7781   5.1937   3.9096   0.0168   0.6659   0.4453   0.0169   0.0000  -0.0531   0.1306    0.369
    71  -5.5381   8.6275   5.2408   3.9177   0.0191   0.6789   0.4540   0.0166   0.0000  -0.0517   0.1312    0.364
    72  -6.1512   8.4732   5.2734   3.9340   0.0209   0.6942   0.4642   0.0156   0.0000  -0.0503   0.1321    0.358
    73  -6.7788   8.3151   5.2916   3.9308   0.0222   0.7068   0.4727   0.0147   0.0000  -0.0491   0.1328    0.354
    74  -7.4198   8.1537   5.2954   3.9187   0.0226   0.7186   0.4806   0.0134   0.0000  -0.0480   0.1335    0.350
    75  -8.0734   7.9891   5.2850   3.8908   0.0224   0.7282   0.4870   0.0137   0.0000  -0.0473   0.1343    0.347
    76  -8.7386   7.8217   5.2606   3.8542   0.0262   0.7368   0.4927   0.0131   0.0000  -0.0468   0.1350    0.345
    77  -9.4142   7.6515   5.2225   3.8230   0.0329   0.7471   0.4996   0.0125   0.0000  -0.0463   0.1360    0.343
    78 -10.0992   7.4790   5.1711   3.7836   0.0448   0.7564   0.5059   0.0129   0.0000  -0.0464   0.1373    0.342
    79 -10.7924   7.3045   5.1068   3.7502   0.0452   0.7677   0.5134   0.0124   0.0000  -0.0463   0.1387    0.340
    80 -11.4928   7.1281   5.0302   3.7337   0.0426   0.7832   0.5238   0.0115   0.0000  -0.0459   0.1404    0.338
    81 -12.1992   6.9503   4.9419   3.7112   0.0404   0.7984   0.5339   0.0109   0.0000  -0.0455   0.1421    0.335
    82 -12.9102   6.7712   4.8426   3.6771   0.0392   0.8120   0.5430   0.0102   0.0000  -0.0452   0.1437    0.333
    83 -13.6248   6.5913   4.7328   3.6433   0.0386   0.8265   0.5527   0.0093   0.0000  -0.0446   0.1452    0.331
    84 -14.3416   6.4108   4.6135   3.6163   0.0382   0.8435   0.5641   0.0082   0.0000  -0.0441   0.1470    0.328
    85 -15.0593   6.2300   4.4855   3.5706   0.0378   0.8570   0.5731   0.0077   0.0000  -0.0439   0.1486    0.327
    86 -15.7768   6.0494   4.3495   3.5273   0.0374   0.8719   0.5831   0.0064   0.0000  -0.0435   0.1503    0.325
    87 -16.4926   5.8691   4.2065   3.4782   0.0369   0.8861   0.5926   0.0059   0.0000  -0.0433   0.1521    0.323
    88 -17.2055   5.6896   4.0573   3.4257   0.0364   0.9003   0.6021   0.0050   0.0000  -0.0431   0.1538    0.322
    89 -17.9141   5.5112   3.9029   3.3686   0.0359   0.9140   0.6112   0.0038   0.0000  -0.0428   0.1553    0.320
    90 -18.6171   5.3342   3.7442   3.3095   0.0353   0.9277   0.6204   0.0029   0.0000  -0.0425   0.1570    0.319
    91 -19.3133   5.1589   3.5821   3.2460   0.0348   0.9409   0.6292   0.0021   0.0000  -0.0424   0.1586    0.317
    92 -20.0012   4.9856   3.4175   3.1780   0.0343   0.9531   0.6374   0.0016   0.0000  -0.0423   0.1601    0.316
    93 -20.6797   4.8148   3.2513   3.1139   0.0339   0.9671   0.6467   0.0004   0.0000  -0.0422   0.1619    0.315
    94 -21.3348   4.6499   2.9702   3.0460   0.0335   0.9796   0.6551  -0.0008   0.0000  -0.0419   0.1633    0.314
    95 -21.9976   4.4830   3.0948   2.9755   0.0332   0.9925   0.6637  -0.0015   0.0000  -0.0416   0.1648    0.313
    96 -22.6785   4.3115   2.9122   2.9000   0.0330   1.0058   0.6726  -0.0026   0.0000  -0.0414   0.1664    0.312
    97 -23.3440   4.1440   2.7319   2.8179   0.0329   1.0168   0.6800  -0.0034   0.0000  -0.0413   0.1678    0.311
    98 -23.9926   3.9806   2.5546   2.7426   0.0329   1.0302   0.6890  -0.0047   0.0000  -0.0410   0.1694    0.309
    99 -24.6232   3.8219   2.3810   2.6634   0.0332   1.0421   0.6969  -0.0060   0.0000  -0.0405   0.1705    0.308
   100 -25.2345   3.6679   2.2117   2.5847   0.0338   1.0537   0.7047  -0.0069   0.0000  -0.0403   0.1719    0.307
   101 -25.8252   3.5192   2.0475   2.4988   0.0346   1.0618   0.7101  -0.0070   0.0000  -0.0399   0.1726    0.306
   102 -26.3942   3.3759   1.8887   2.4194   0.0359   1.0717   0.7167  -0.0085   0.0000  -0.0392   0.1734    0.305
   103 -26.9404   3.2384   1.7357   2.3376   0.0376   1.0794   0.7219  -0.0095   0.0000  -0.0384   0.1739    0.303
   104 -27.4626   3.1069   1.5890   2.2527   0.0399   1.0842   0.7251  -0.0108   0.0000  -0.0374   0.1737    0.302
   105 -27.9598   2.9817   1.4487   2.1701   0.0429   1.0884   0.7279  -0.0120   0.0000  -0.0356   0.1728    0.299
   106 -28.4311   2.8630   1.3151   2.0811   0.0466   1.0870   0.7269  -0.0131   0.0000  -0.0337   0.1711    0.296
   107 -28.8731   2.7517   1.1755   1.9916   0.0509   1.0823   0.7238  -0.0137   0.0000  -0.0306   0.1680    0.292
   108 -29.2851   2.6480   1.0569   1.8946   0.0558   1.0700   0.7155  -0.0155   0.0000  -0.0268   0.1633    0.287
   109 -29.6687   2.5514   0.9448   1.7907   0.0610   1.0496   0.7019  -0.0163   0.0000  -0.0220   0.1569    0.281
   110 -30.0232   2.4621   0.8388   1.6796   0.0662   1.0202   0.6822  -0.0177   0.0000  -0.0160   0.1482    0.273
   111 -30.3478   2.3804   0.7388   1.5636   0.0714   0.9823   0.6569  -0.0196   0.0000  -0.0091   0.1376    0.264
   112 -30.6419   2.3063   0.6445   1.4326   0.0765   0.9290   0.6213  -0.0206   0.0000  -0.0023   0.1252    0.254
   113 -30.9048   2.2401   0.5554   1.2971   0.0817   0.8660   0.5791  -0.0225   0.0000   0.0046   0.1113    0.242
   114 -31.1361   2.1819   0.4711   1.1511   0.0870   0.7890   0.5277  -0.0239   0.0000   0.0104   0.0965    0.230
   115 -31.3352   2.1317   0.3911   0.9932   0.0926   0.6968   0.4660  -0.0251   0.0000   0.0143   0.0812    0.219
   116 -31.5018   2.0898   0.3147   0.8289   0.0986   0.5933   0.3967  -0.0264   0.0000   0.0162   0.0659    0.209
   117 -31.6354   2.0561   0.2415   0.6559   0.1047   0.4771   0.3191  -0.0273   0.0000   0.0158   0.0508    0.201
   118 -31.7359   2.0308   0.1707   0.4755   0.1107   0.3503   0.2342  -0.0281   0.0000   0.0132   0.0360    0.194
   119 -31.8030   2.0139   0.1017   0.2884   0.1163   0.2143   0.1433  -0.0281   0.0000   0.0088   0.0214    0.188
   120 -31.8366   2.0055   0.0338   0.0965   0.1185   0.0721   0.0482  -0.0303   0.0000   0.0031   0.0071    0.187

  Surface # 3     Stab                                    
     # Chordwise =  8   # Spanwise = 16     First strip =121
     Surface area =   26.966141       Ave. chord =    3.450353
     CLsurf  =  -0.03390     Clsurf  =   0.00201
     CYsurf  =   0.00454     Cmsurf  =   0.17022
     CDsurf  =  -0.00072     Cnsurf  =  -0.00252
     CDisurf =  -0.00072     CDvsurf =   0.00000

  Forces referred to Ssurf, Cave about hinge axis thru LE
     CLsurf  =  -0.48564     CDsurf  =  -0.01026
     Deflect =

 Strip Forces referred to Strip Area, Chord
    j      Yle    Chord     Area     c cl      ai      cl_norm  cl       cd       cdv    cm_c/4    cm_LE  C.P.x/c
   121   0.1998   4.8536   2.0413  -2.2954  -0.0860  -0.6849  -0.4730   0.0191   0.0000   0.0223   0.1118    0.297
   122   0.6532   4.6809   2.2961  -2.2850  -0.0724  -0.7069  -0.4882   0.0054   0.0000   0.0089   0.1042    0.268
   123   1.1725   4.4830   2.4771  -2.2248  -0.0577  -0.7186  -0.4963  -0.0017   0.0000  -0.0037   0.0958    0.242
   124   1.7485   4.2636   2.5755  -2.1405  -0.0464  -0.7269  -0.5020  -0.0076   0.0000  -0.0118   0.0905    0.227
   125   2.3695   4.0270   2.5884  -2.0396  -0.0393  -0.7334  -0.5065  -0.0119   0.0000  -0.0150   0.0889    0.220
   126   3.0219   3.7785   2.5192  -1.9284  -0.0355  -0.7389  -0.5103  -0.0145   0.0000  -0.0149   0.0897    0.221
   127   3.6902   3.5239   2.3771  -1.8103  -0.0341  -0.7438  -0.5137  -0.0161   0.0000  -0.0136   0.0914    0.223
   128   4.3579   3.2696   2.1753  -1.6867  -0.0347  -0.7470  -0.5158  -0.0170   0.0000  -0.0130   0.0923    0.225
   129   5.0078   3.0220   1.9302  -1.5551  -0.0367  -0.7451  -0.5145  -0.0178   0.0000  -0.0142   0.0911    0.222
   130   5.6227   2.7877   1.6586  -1.4104  -0.0398  -0.7325  -0.5059  -0.0190   0.0000  -0.0180   0.0863    0.214
   131   6.1859   2.5732   1.3765  -1.2471  -0.0432  -0.7017  -0.4846  -0.0205   0.0000  -0.0244   0.0770    0.200
   132   6.6819   2.3842   1.0969  -1.0616  -0.0463  -0.6447  -0.4452  -0.0223   0.0000  -0.0322   0.0630    0.178
   133   7.0968   2.2262   0.8285  -0.8536  -0.0486  -0.5551  -0.3833  -0.0238   0.0000  -0.0383   0.0458    0.150
   134   7.4188   2.1035   0.5758  -0.6254  -0.0502  -0.4304  -0.2972  -0.0242   0.0000  -0.0387   0.0284    0.120
   135   7.6387   2.0197   0.3382  -0.3817  -0.0512  -0.2736  -0.1889  -0.0215   0.0000  -0.0297   0.0140    0.093
   136   7.7503   1.9772   0.1114  -0.1283  -0.0516  -0.0939  -0.0649  -0.0159   0.0000  -0.0112   0.0040    0.078

  Surface # 4     Stab (YDUP)                             
     # Chordwise =  8   # Spanwise = 16     First strip =137
     Surface area =   26.966141       Ave. chord =    3.450353
     CLsurf  =  -0.03390     Clsurf  =  -0.00201
     CYsurf  =  -0.00454     Cmsurf  =   0.17022
     CDsurf  =  -0.00072     Cnsurf  =   0.00252
     CDisurf =  -0.00072     CDvsurf =   0.00000

  Forces referred to Ssurf, Cave about hinge axis thru LE
     CLsurf  =  -0.48564     CDsurf  =  -0.01026
     Deflect =

 Strip Forces referred to Strip Area, Chord
    j      Yle    Chord     Area     c cl      ai      cl_norm  cl       cd       cdv    cm_c/4    cm_LE  C.P.x/c
   137  -0.1998   4.8536   2.0413  -2.2954  -0.0860  -0.6849  -0.4730   0.0191   0.0000   0.0223  -0.1118    0.297
   138  -0.6532   4.6809   2.2961  -2.2850  -0.0724  -0.7069  -0.4882   0.0054   0.0000   0.0089  -0.1042    0.268
   139  -1.1725   4.4830   2.4771  -2.2248  -0.0577  -0.7186  -0.4963  -0.0017   0.0000  -0.0037  -0.0958    0.242
   140  -1.7485   4.2636   2.5755  -2.1406  -0.0464  -0.7270  -0.5020  -0.0078   0.0000  -0.0118  -0.0905    0.227
   141  -2.3695   4.0270   2.5884  -2.0397  -0.0393  -0.7334  -0.5065  -0.0119   0.0000  -0.0150  -0.0889    0.220
   142  -3.0219   3.7785   2.5192  -1.9284  -0.0355  -0.7390  -0.5103  -0.0145   0.0000  -0.0149  -0.0897    0.221
   143  -3.6902   3.5239   2.3771  -1.8103  -0.0341  -0.7438  -0.5137  -0.0160   0.0000  -0.0136  -0.0914    0.223
   144  -4.3579   3.2696   2.1753  -1.6867  -0.0347  -0.7470  -0.5158  -0.0169   0.0000  -0.0130  -0.0923    0.225
   145  -5.0078   3.0220   1.9302  -1.5550  -0.0367  -0.7451  -0.5145  -0.0178   0.0000  -0.0142  -0.0911    0.222
   146  -5.6227   2.7877   1.6586  -1.4104  -0.0398  -0.7325  -0.5059  -0.0190   0.0000  -0.0180  -0.0863    0.214
   147  -6.1859   2.5732   1.3765  -1.2471  -0.0432  -0.7017  -0.4846  -0.0205   0.0000  -0.0244  -0.0770    0.200
   148  -6.6819   2.3842   1.0969  -1.0617  -0.0463  -0.6447  -0.4452  -0.0224   0.0000  -0.0322  -0.0630    0.178
   149  -7.0968   2.2262   0.8285  -0.8536  -0.0486  -0.5551  -0.3833  -0.0238   0.0000  -0.0383  -0.0458    0.150
   150  -7.4188   2.1035   0.5758  -0.6254  -0.0502  -0.4304  -0.2972  -0.0243   0.0000  -0.0387  -0.0284    0.120
   151  -7.6387   2.0197   0.3382  -0.3817  -0.0512  -0.2736  -0.1889  -0.0215   0.0000  -0.0297  -0.0140    0.093
   152  -7.7503   1.9772   0.1114  -0.1283  -0.0516  -0.0939  -0.0649  -0.0159   0.0000  -0.0112  -0.0040    0.078

  Surface # 5     Fin                                     
     # Chordwise =  8   # Spanwise = 12     First strip =153
     Surface area =   40.663776       Ave. chord =    4.834250
     CLsurf  =   0.00000     Clsurf  =  -0.00000
     CYsurf  =  -0.00000     Cmsurf  =  -0.00000
     CDsurf  =  -0.00000     Cnsurf  =   0.00000
     CDisurf =  -0.00000     CDvsurf =   0.00000

  Forces referred to Ssurf, Cave about hinge axis thru LE
     CLsurf  =   0.00000     CDsurf  =  -0.00000
     Deflect =

 Strip Forces referred to Strip Area, Chord
    j      Yle    Chord     Area     c cl      ai      cl_norm  cl       cd       cdv    cm_c/4    cm_LE  C.P.x/c
   153   0.0000   6.9376   0.9942   0.0000   0.0000   0.0000   0.0000   0.0000   0.0000  -0.0000  -0.0000    0.337
   154   0.0000   6.7943   2.8547   0.0000   0.0000   0.0000   0.0000   0.0000   0.0000   0.0000  -0.0000    0.105
   155   0.0000   6.5174   4.3561   0.0000   0.0000   0.0000   0.0000  -0.0000   0.0000   0.0000   0.0000   -0.299
   156   0.0000   6.1258   5.3358   0.0000   0.0000   0.0000   0.0000  -0.0000   0.0000  -0.0000  -0.0000    0.502
   157   0.0000   5.6461   5.7272   0.0000   0.0000   0.0000   0.0000  -0.0000   0.0000  -0.0000  -0.0000    0.380
   158   0.0000   5.1112   5.5637   0.0000  -0.0000   0.0000   0.0000  -0.0000   0.0000   0.0000   0.0000   -0.102
   159   0.0000   4.5573   4.9608  -0.0000   0.0000  -0.0000  -0.0000  -0.0000   0.0000   0.0000   0.0000
   160   0.0000   4.0224   4.0801   0.0000   0.0000   0.0000   0.0000  -0.0000   0.0000   0.0000  -0.0000    0.233
   161   0.0000   3.5427   3.0859   0.0000   0.0000   0.0000   0.0000  -0.0000   0.0000   0.0000   0.0000   -0.870
   162   0.0000   3.1511   2.1061   0.0000   0.0000   0.0000   0.0000   0.0000   0.0000   0.0000   0.0000
   163   0.0000   2.8742   1.2076  -0.0000  -0.0000  -0.0000  -0.0000  -0.0000   0.0000   0.0000   0.0000    1.442
   164   0.0000   2.7308   0.3914  -0.0000  -0.0000  -0.0000  -0.0000  -0.0000   0.0000   0.0000   0.0000    1.836

  Surface # 6     Nacelle                                 
     # Chordwise =  6   # Spanwise = 12     First strip =165
     Surface area =   74.154915       Ave. chord =    6.060000
     CLsurf  =   0.00184     Clsurf  =  -0.00055
     CYsurf  =   0.00329     Cmsurf  =   0.00277
     CDsurf  =  -0.00003     Cnsurf  =   0.00032
     CDisurf =  -0.00003     CDvsurf =   0.00000

  Forces referred to Ssurf, Cave about hinge axis thru LE
     CLsurf  =   0.00963     CDsurf  =  -0.00016
     Deflect =

 Strip Forces referred to Strip Area, Chord
    j      Yle    Chord     Area     c cl      ai      cl_norm  cl       cd       cdv    cm_c/4    cm_LE  C.P.x/c
   165  10.4125   6.0600   6.1797   0.6226   0.0625   0.1027   0.1027  -0.0002   0.0000  -0.0030  -0.0287    0.279
   166  11.2655   6.0600   6.1792   0.6629   0.0557   0.1094   0.1094  -0.0002   0.0000  -0.0100  -0.0373    0.341
   167  11.7580   6.0600   6.1797   0.6174   0.0296   0.1019   0.1019  -0.0002   0.0000  -0.0126  -0.0381    0.374
   168  11.7580   6.0600   6.1797   0.5356   0.0031   0.0884   0.0884  -0.0002   0.0000  -0.0135  -0.0356    0.403
   169  11.2655   6.0600   6.1792   0.4448  -0.0162   0.0734   0.0734  -0.0002   0.0000  -0.0137  -0.0321    0.437
   170  10.4125   6.0600   6.1797   0.3565  -0.0279   0.0588   0.0588  -0.0002   0.0000  -0.0133  -0.0280    0.476
   171   9.4275   6.0600   6.1797   0.2764  -0.0346   0.0456   0.0456  -0.0001   0.0000  -0.0116  -0.0230    0.505
   172   8.5745   6.0600   6.1792   0.2108  -0.0385   0.0348   0.0348  -0.0001   0.0000  -0.0082  -0.0169    0.486
   173   8.0820   6.0600   6.1797   0.1749  -0.0391   0.0289   0.0289  -0.0000   0.0000  -0.0023  -0.0096    0.331
   174   8.0820   6.0600   6.1797   0.1964  -0.0297   0.0324   0.0324  -0.0000   0.0000   0.0055  -0.0026    0.079
   175   8.5745   6.0600   6.1792   0.3001  -0.0021   0.0495   0.0495  -0.0002   0.0000   0.0113  -0.0011    0.022
   176   9.4275   6.0600   6.1797   0.4720   0.0370   0.0779   0.0779  -0.0003   0.0000   0.0076  -0.0119    0.153

  Surface # 7     Nacelle (YDUP)                          
     # Chordwise =  6   # Spanwise = 12     First strip =177
     Surface area =   74.154915       Ave. chord =    6.060000
     CLsurf  =   0.00184     Clsurf  =   0.00055
     CYsurf  =  -0.00329     Cmsurf  =   0.00277
     CDsurf  =  -0.00003     Cnsurf  =  -0.00032
     CDisurf =  -0.00003     CDvsurf =   0.00000

  Forces referred to Ssurf, Cave about hinge axis thru LE
     CLsurf  =   0.00963     CDsurf  =  -0.00016
     Deflect =

 Strip Forces referred to Strip Area, Chord
    j      Yle    Chord     Area     c cl      ai      cl_norm  cl       cd       cdv    cm_c/4    cm_LE  C.P.x/c
   177 -10.4125   6.0600   6.1797   0.6226   0.0625   0.1027   0.1027  -0.0002   0.0000  -0.0030   0.0287    0.279
   178 -11.2655   6.0600   6.1792   0.6629   0.0557   0.1094   0.1094  -0.0002   0.0000  -0.0100   0.0373    0.341
   179 -11.7580   6.0600   6.1797   0.6174   0.0296   0.1019   0.1019  -0.0002   0.0000  -0.0126   0.0381    0.374
   180 -11.7580   6.0600   6.1797   0.5356   0.0031   0.0884   0.0884  -0.0002   0.0000  -0.0135   0.0356    0.403
   181 -11.2655   6.0600   6.1792   0.4448  -0.0162   0.0734   0.0734  -0.0002   0.0000  -0.0137   0.0321    0.437
   182 -10.4125   6.0600   6.1797   0.3565  -0.0279   0.0588   0.0588  -0.0002   0.0000  -0.0133   0.0280    0.476
   183  -9.4275   6.0600   6.1797   0.2764  -0.0346   0.0456   0.0456  -0.0001   0.0000  -0.0116   0.0230    0.505
   184  -8.5745   6.0600   6.1792   0.2108  -0.0385   0.0348   0.0348  -0.0001   0.0000  -0.0082   0.0169    0.486
   185  -8.0820   6.0600   6.1797   0.1749  -0.0391   0.0289   0.0289  -0.0000   0.0000  -0.0023   0.0096    0.331
   186  -8.0820   6.0600   6.1797   0.1964  -0.0297   0.0324   0.0324  -0.0000   0.0000   0.0055   0.0026    0.079
   187  -8.5745   6.0600   6.1792   0.3001  -0.0021   0.0495   0.0495  -0.0002   0.0000   0.0113   0.0011    0.022
   188  -9.4275   6.0600   6.1797   0.4720   0.0370   0.0779   0.0779  -0.0003   0.0000   0.0076   0.0119    0.153
 ---------------------------------------------------------------

 Operation of run case 1/1:   -unnamed-                              
 ==========================================================

  variable          constraint              
  ------------      ------------------------
  A lpha        ->  CL          =  0.4702         
  B eta         ->  beta        =   0.000         
  R oll  rate   ->  pb/2V       =   0.000         
  P itch rate   ->  qc/2V       =   0.000         
  Y aw   rate   ->  rb/2V       =   0.000         
  D1  flap      ->  flap        =   0.000         
  D2  slat      ->  slat        =   0.000         
  D3  aileron   ->  aileron     =   0.000         
  D4  elevator  ->  Cm pitchmom =   0.000         
  D5  rudder    ->  rudder      =   0.000         
  ------------      ------------------------

  C1  set level or banked  horizontal flight constraints
  C2  set steady pitch rate (looping) flight constraints
  M odify parameters                                    

 "#" select  run case          L ist defined run cases   
  +  add new run case          S ave run cases to file   
  -  delete  run case          F etch run cases from file
  N ame current run case       W rite forces to file     

 eX ecute run case             I nitialize variables     

  G eometry plot               T refftz Plane plot       

  ST  stability derivatives    FT  total   forces        
  SB  body-axis derivatives    FN  surface forces        
  RE  reference quantities     FS  strip   forces        
  DE  design changes           FE  element forces        
  O ptions                     FB  body forces           
                               HM  hinge moments         
                               VM  strip shear,moment    

 .OPER (case 1/1)   c>  
 * Option not recognized

 Operation of run case 1/1:   -unnamed-                              
 ==========================================================

  variable          constraint              
  ------------      ------------------------
  A lpha        ->  CL          =  0.4702         
  B eta         ->  beta        =   0.000         
  R oll  rate   ->  pb/2V       =   0.000         
  P itch rate   ->  qc/2V       =   0.000         
  Y aw   rate   ->  rb/2V       =   0.000         
  D1  flap      ->  flap        =   0.000         
  D2  slat      ->  slat        =   0.000         
  D3  aileron   ->  aileron     =   0.000         
  D4  elevator  ->  Cm pitchmom =   0.000         
  D5  rudder    ->  rudder      =   0.000         
  ------------      ------------------------

  C1  set level or banked  horizontal flight constraints
  C2  set steady pitch rate (looping) flight constraints
  M odify parameters                                    

 "#" select  run case          L ist defined run cases   
  +  add new run case          S ave run cases to file   
  -  delete  run case          F etch run cases from file
  N ame current run case       W rite forces to file     

 eX ecute run case             I nitialize variables     

  G eometry plot               T refftz Plane plot       

  ST  stability derivatives    FT  total   forces        
  SB  body-axis derivatives    FN  surface forces        
  RE  reference quantities     FS  strip   forces        
  DE  design changes           FE  element forces        
  O ptions                     FB  body forces           
                               HM  hinge moments         
                               VM  strip shear,moment    

 .OPER (case 1/1)   c>  